# Load two distinct valid flash saves through ordinary Continue.
20 0 008
20 1 008
22 0 000
22 1 000
300 0 008
300 1 008
302 0 000
302 1 000
850 0 008
850 1 008
853 0 000
853 1 000
1050 0 001
1050 1 001
1053 0 000
1053 1 000
# Open Start -> LINK (fifth action) -> Connect on both cartridges.
1600 0 008
1600 1 008
1603 0 000
1603 1 000
1650 0 080
1650 1 080
1653 0 000
1653 1 000
1670 0 080
1670 1 080
1673 0 000
1673 1 000
1690 0 080
1690 1 080
1693 0 000
1693 1 000
1710 0 080
1710 1 080
1713 0 000
1713 1 000
1750 0 001
1750 1 001
1753 0 000
1753 1 000
1900 0 001
1900 1 001
1903 0 000
1903 1 000

# Both save through ordinary Start menu after a menu-only connection.
2800 0 008
2800 1 008
2803 0 000
2803 1 000
2850 0 040
2850 1 040
2853 0 000
2853 1 000
2900 0 001
2900 1 001
2903 0 000
2903 1 000
3000 0 001
3000 1 001
3003 0 000
3003 1 000
3900 0 010
3900 1 020
3910 0 000
3910 1 000
